[[616.70058605   0.         196.23198584]
 [  0.         621.39425999 284.0973037 ]
 [  0.           0.           1.        ]]
[[ 0.01055531 -0.00623514  0.00955991 -0.00543388 -0.21797865]]
[array([[-0.13217198],
       [-0.0298441 ],
       [-1.73195219]]), array([[-0.13952049],
       [-0.00687616],
       [-1.73481989]]), array([[-0.14257129],
       [ 0.02029427],
       [-1.73915309]]), array([[-0.14115064],
       [ 0.04030187],
       [-1.74079117]]), array([[-0.14046833],
       [ 0.05451975],
       [-1.74113447]]), array([[-0.12766902],
       [ 0.25299947],
       [-1.70042368]]), array([[-0.00995723],
       [ 0.11193006],
       [-1.68719308]]), array([[-0.09353003],
       [-0.09174452],
       [-1.65813403]]), array([[-0.17302476],
       [-0.19499951],
       [-1.63462599]]), array([[-0.25734649],
       [-0.22276142],
       [-1.61604388]]), array([[-0.28213832],
       [-0.22961427],
       [-1.62690175]]), array([[-0.31660045],
       [-0.32810874],
       [-1.64188955]]), array([[-0.29109641],
       [-0.34413115],
       [-1.65728111]]), array([[-0.11236326],
       [ 0.07272371],
       [-1.71050322]]), array([[-0.14334426],
       [ 0.00559086],
       [-1.69451622]]), array([[-0.15776099],
       [-0.02486222],
       [-1.6918065 ]]), array([[-0.17544527],
       [-0.06121217],
       [-1.6805777 ]]), array([[-0.1899535 ],
       [-0.09468828],
       [-1.664982  ]]), array([[-0.26979702],
       [-0.23026104],
       [-1.64109536]]), array([[-0.30563151],
       [-0.32257169],
       [-1.6341138 ]]), array([[-0.36005188],
       [-0.38420519],
       [-1.57793982]]), array([[-0.31701277],
       [-0.38874252],
       [-1.55266924]]), array([[-0.28128574],
       [-0.38565406],
       [-1.46658738]]), array([[-0.23322376],
       [-0.39639142],
       [-1.43663646]]), array([[ 0.07340326],
       [-0.37167845],
       [-1.5445758 ]]), array([[ 0.31347246],
       [-0.22564928],
       [-1.58083424]]), array([[ 0.10671412],
       [-0.02447945],
       [-1.616803  ]]), array([[-0.13266756],
       [ 0.03357376],
       [-1.62429295]])]
[array([[ 2.72529195e-02],
       [-4.10993346e+00],
       [ 3.05067528e+01]]), array([[ 0.08686035],
       [-4.13336508],
       [30.49756962]]), array([[ 0.15354451],
       [-4.15230621],
       [30.53105193]]), array([[ 0.20701563],
       [-4.16768954],
       [30.56811565]]), array([[ 0.23512608],
       [-4.1813623 ],
       [30.59569873]]), array([[ 0.04315035],
       [-4.26056941],
       [31.39657508]]), array([[-1.15522201],
       [-4.34990212],
       [32.65710714]]), array([[-2.14029318],
       [-4.15062787],
       [31.93850085]]), array([[-2.82641477],
       [-4.44408811],
       [31.80976985]]), array([[-3.98410379],
       [-4.73010611],
       [31.85733468]]), array([[-4.74865537],
       [-5.22093141],
       [32.13074363]]), array([[-5.49680671],
       [-5.62913862],
       [32.0342128 ]]), array([[-6.81144981],
       [-6.55041338],
       [32.8465401 ]]), array([[-2.13522595],
       [-5.74846184],
       [32.54682995]]), array([[-2.38498292],
       [-5.28616436],
       [32.25883441]]), array([[-2.4189108 ],
       [-4.94815508],
       [32.0823168 ]]), array([[-2.44008756],
       [-4.39300932],
       [31.82112779]]), array([[-2.48938977],
       [-3.8339926 ],
       [31.54172964]]), array([[-2.75885107],
       [-2.58070246],
       [30.51335535]]), array([[-3.29174848],
       [-2.16038669],
       [30.5158003 ]]), array([[-4.2290876 ],
       [-1.87421858],
       [30.16370979]]), array([[-5.89321376],
       [-2.10567289],
       [30.98696566]]), array([[-8.05475139],
       [-2.05144898],
       [31.57429663]]), array([[-8.60685266],
       [-2.39695472],
       [31.46394417]]), array([[-8.84819974],
       [-2.49708601],
       [32.14965871]]), array([[-7.93948611],
       [-5.87147167],
       [31.37669046]]), array([[-5.91265276],
       [-5.20193681],
       [32.01092005]]), array([[-3.6607801 ],
       [-3.89435385],
       [31.26357384]])]
